978.141 663.937
987.7303151291069 666.7733771531091
997.4617163240636 664.471241018386
1007.2544402221308 662.4457636286768
1017.2532936583314 662.5971900510141
1027.2442921898617 663.0213932369505
1037.2410859270633 663.2746025887683
1047.2281279720114 662.7656908160237
1057.2273862021812 662.8874892001623
1067.196001391192 663.6791401418163
1076.9280950480247 665.9783471909186
1067.3207657256164 668.7530946192069
1057.4988323245914 670.6318240477915
1047.821362893016 668.112581026382
1037.8934012147888 669.3107366571963
1027.9273908354266 670.1345309995222
1018.378040470286 667.1663821481691
1009.0051871859418 663.680751457726
1014.9807413277747 655.6624752902433
1024.2336977406153 651.8700093876846
1034.1139228835277 650.3269114888576
1044.1003881477022 650.8470187157219
1053.8980964997704 652.8482461010569
1062.7359256558752 657.527217762384
1071.3408508347484 662.6218485307511
1080.9626040781661 665.3461584475517
1080.891183320082 655.3464134970385
1087.39104452052 662.9458742920582
1090.5349727248445 672.4388040529935
1090.9124217711922 682.4316781249215
1089.3869468113992 692.3146395306462
1083.6536178297897 700.50786470689
1075.9595938111588 706.8955085918237
1069.340688133027 714.3915133693033
1066.03069870433 723.8278246179805
1062.8399736687363 733.3051277020459
1059.8373331006114 742.8436888943144
1057.2082978148578 752.4919101535032
1067.2079861877905 752.570855984532
1075.7508123479197 747.3727677592501
1085.7418571944265 746.9496568103397
1095.055820626762 750.5897234554877
1103.823183925801 755.3994366260063
1102.8791230901725 765.3547743469795
1092.974352320056 763.977996953409
1083.2581959540341 761.6123457806841
1073.2936680639261 762.4538824270988
1063.5279787396532 764.6059307587541
1054.0161645553687 767.6922539634174
1053.2162196478685 777.6602070203376
1052.613440204265 787.6420233351357
1054.8009451264459 797.3998316041802
1061.6234990130338 804.7109709452545
1069.8148285800225 810.4470078981496
1078.9574021635565 814.4983469693291
1088.9450588830296 814.995049348994
1098.3249466823881 811.5283931976796
1105.20084651536 804.2674014274778
1111.595184397501 796.5789397446042
1117.7683998070424 788.7118302686022
1112.8505735025665 780.0046502176899
1103.1457675738507 777.5928579617191
1095.442088632004 783.9688544141136
1087.1556510584633 789.5666175691437
1077.1582898813808 789.7963336873484
1067.3260172635373 787.9724874305593
1058.610666323266 783.0691561152277
1055.6688422595957 773.5116631814917
1065.5306131912193 775.1686104021917
1075.026338737402 772.0331365382317
1077.9310822472137 781.6019643213097
1087.59115859171 779.0168289247581
1096.1731903800642 773.883727485698
1104.8894307023306 768.9819773243278
1114.0630510655383 765.0014384874688
1122.616055048651 759.8201140559304
1127.9657455087881 751.371397468145
1128.1386487241293 741.3728923559731
1128.48205926817 731.3787906355462
1138.1034882087854 728.6533356018524
1147.9526940752075 730.3834060630873
1156.8919146850371 734.8656303868797
1161.997752190057 743.463910643555
1162.0583304339395 753.4637271556899
1160.206814658858 763.2908268974563
1157.5289695340018 772.9256151923429
1155.0061881399583 782.602162822457
1161.914622766695 789.832206460507
1169.3619160006338 796.5058728806789
1175.8123582776757 804.1473252577176
1165.8889248167616 802.9122267406725
1156.0828671740344 800.9523202358836
1162.3636938742218 808.7337864192075
1167.0615265009483 817.561604304238
1170.6026414079045 826.913636447881
1172.4203392888273 836.7470475759529
1172.8207003979353 846.739029910921
1167.5169903125613 855.2166863872299
1158.970264323947 860.4083599974972
1161.8971656153383 869.970433456243
1165.1155121505708 879.4383923481666
1165.5417380384833 889.429304793608
1164.0321808765696 899.3147100546438
1160.8980743668146 908.8108869898906
1156.3850960839457 917.7346209067189
1150.6044620316725 925.8945394083769
1143.609323689102 933.0407299717681
1134.5116896848433 937.1920015269131
1128.424484585127 945.1258488958754
1128.0004374976224 955.1168540538952
1125.064479307534 964.6761505502934
1119.3919929383505 972.9116164382338
1111.6758045996821 979.2724683876347
1102.5672855918924 983.3998018469924
1092.6339504132316 984.5525603769454
1086.8619213673614 992.718568011869
1082.8828142056234 1001.8928094625508
1075.5522677126387 1008.6945069061445
1066.2789164303101 1012.4368265069446
1056.280106615881 1012.2825465831831
1046.888339833431 1008.8482028752725
1038.3375692895172 1003.6631934147858
1034.7974480088478 1013.0156017312653
1031.3259306382872 1022.3936914699004
1026.4172488707782 1031.1060300368597
1020.706451860545 1039.314976224277
1020.0146773559645 1029.338932517736
1016.9954869253418 1019.8055968400399
1011.0660457882168 1011.7531606992579
1002.4453795537779 1006.6852110473371
992.4773761425758 1007.4845282523723
983.6402880155463 1012.1648993311558
975.3620204910853 1017.7747377239666
966.8573254273174 1023.0349812423145
957.5654798369555 1026.731142159384
947.6222193580261 1027.7948954428855
937.731667312438 1026.3194361132137
928.8182674780315 1021.7860815724787
920.1220225874425 1016.8489442639866
910.3923685420783 1019.1584533368259
900.5907736682564 1017.1763489174102
891.4592463841662 1013.1001730797017
883.5956676770074 1006.9224607267091
878.3675816888156 998.3979597501082
870.3143692313153 992.4695730290547
860.613003917904 990.0439780390078
851.5241454563443 985.8735281992746
843.1991420287591 980.3332829041008
836.5011578235626 972.9078531127057
832.0580467175647 963.949127550453
829.8553327977659 954.1947412864421
828.1973106843525 944.3331510155257
820.0828907218215 938.4888213985653
813.075874534318 931.354276973862
807.2518283707874 923.2252864901018
802.9885909554682 914.1795799538149
800.6720285031676 904.4516028565665
799.7731958338154 894.492079784024
799.9394923192067 884.4934626056865
800.9712327660976 874.5468294240391
795.0521685823604 866.4867624771211
789.537272239039 858.1449450299206
786.1313796599406 848.7428231555964
786.1638527616756 838.7428758808522
789.7470026738192 829.4068683451278
795.0750514522704 820.9444871072938
796.0377569292459 810.9909350697244
788.193457165897 804.7887611586891
784.9870712357936 795.3167450445119
786.267083800162 785.3990049876713
789.867094142094 776.0694859465855
795.2967651502296 767.6719462626417
802.1625687560236 760.4014070222094
803.8174973589181 750.5392971404791
803.4153281216451 740.547387417879
805.9170947685986 730.8653853705651
809.888505010637 721.6878094003303
815.4283794454393 713.3625591790681
823.7840943123125 707.8687418301281
833.03996677839 704.0833983989836
840.3278026871245 697.2359574341151
843.6512752646661 687.8043865137261
838.5565571685088 679.1995130387302
829.1960404963069 675.6808872232403
821.4660877110648 669.3367694801709
817.3604051960222 660.218470785476
816.5398613834631 650.2521922497501
815.1960374232303 640.3428967569362
813.2847917005408 630.5272388682615
811.0680094636275 620.7760401463553
808.662115048737 611.0697704167219
806.1910752526144 601.3798807204469
803.6095315954046 591.7188439051811
801.009762064132 582.0626956884091
798.4085174907297 572.406944724898
794.6323315785056 563.1473324243576
785.59893675291 558.8580693262367
778.0487316818741 552.301057553691
772.1036595645712 544.2601547735258
767.7522432820972 535.2565345940302
764.7416925173844 525.7204670558315
756.3216080919565 520.3258235765396
747.3213808516355 515.9673938567228
739.0480845509089 510.35022657059153
731.140731159101 504.22864488469816
723.4500019307471 497.8370344510013
715.9348324048589 491.2398966627509
708.5781216423891 484.466507056552
701.3816967229997 477.52305918250613
694.4340598573096 470.3306783539831
687.8862385757199 462.7725015589908
680.458511370626 456.0770651604647
672.7095411777068 449.7561901459394
664.9259119708247 443.47804421184605
657.1689449375269 437.1669854698969
649.5642813370499 430.6732121813088
642.272803746771 423.82964918017706
635.5172271146441 416.4565776107794
629.7921940006972 408.2575535320118
624.4910373624264 399.77830012758295
619.4497491091122 391.1420154665151
614.621816980192 382.38467161357994
609.9847136174802 373.5248029687564
605.5485654156311 364.56262750008636
601.3102551621777 355.50521472405194
597.3138253298065 346.33850601290965
593.5632612566985 337.06848610281713
590.1287444560081 327.67678261805054
587.0075675330439 318.1763481745339
584.304074180372 308.5487252232516
582.0886086215315 298.7972272687016
580.4694501653987 288.9291815708983
579.6393477425282 278.96369463008386
579.3746588067152 268.9671982554904
579.1412645129301 258.96992227132205
578.8826766293078 248.97326621509785
578.6150659481506 238.97684763025802
578.3404220917806 228.9806198041149
578.0597493253362 218.98455944024272
577.7815023078125 208.98843125993017
577.5075500795217 198.99218445542328
577.2433896908861 188.99567409985048
577.0011736286835 178.998607961267
576.7954253714109 169.00072480258632
576.6282563111931 159.00212217495357
576.6429299156313 149.00213294069272
581.3126031889694 140.15938724038722
590.9073936891867 137.34158752129088
600.6793090893094 135.21798929826332
610.4560104060266 133.11653471543264
620.1624086490681 130.71115883056905
629.6793114954332 127.64056276256463
639.0829151965637 124.23876361621785
648.4561309110029 120.75410765463573
657.8227668749844 117.25180402441629
667.1892342173451 113.74904946200536
676.5784508222788 110.30773989359432
685.9812488475824 106.90371443902632
695.4299628607112 103.62929792640875
704.9321823579901 100.51355971122905
714.531269265397 97.71043100493534
724.252560426144 95.36596983699451
733.9353322898589 92.86718432494047
743.468150490539 89.84636040541386
752.9105469162758 86.55377027920144
762.3231822036958 83.17704154475769
771.7216393328749 79.76104921587557
781.1507065422335 76.43047996101859
790.6918428859433 73.43603222049273
800.4692394358302 71.33781471359339
809.5766534613242 75.4675858656351
813.0574784560672 84.84222491767196
814.5989592062331 94.72270249200346
815.2614504241666 104.70073362976609
815.452346335795 114.69891140128641
815.0616648232793 124.69127688478318
813.5796421894097 134.5808475990608
811.8670818401487 144.43311317861867
810.134955376344 154.2819576749739
808.5241036085797 164.1513627523983
807.3919136042582 174.0870633212619
806.6566050875846 184.0599927497351
806.2746944993323 194.05269730368752
806.2761815691641 204.05269719311877
806.8324569642516 214.0372130894866
808.3279668654947 223.92475323531085
810.6157000890489 233.65955044418206
812.999659661657 243.3712308732412
815.2114141840352 253.12357120429715
816.7233531148149 263.0086124621571
815.6041491811093 272.94578422049847
811.830178881454 282.2062997664775
807.4522929229637 291.1970791839948
802.9734349562113 300.13798692950127
810.9743750594682 294.1392406051352
816.2405645533224 285.63822606481017
819.708359546907 276.2587592418788
821.7110638520189 266.4613526734911
822.6285185561181 256.5035277671209
822.7330107563961 246.50407371301958
822.2133959930378 236.5175828129236
821.212382791917 226.56781032451045
819.8961685082046 216.65480977173377
818.3729638900951 206.77149819659007
816.940309960171 196.87465512836513
816.9781932975493 186.87472688598518
817.6185773999314 176.89525254104024
818.2654874854751 166.91619911192083
818.8934491041307 156.93593537765526
819.3956910061786 146.94855568767525
819.7626161293842 136.95528965729454
819.95775091061 126.95719371770906
819.9420718033807 116.95720600943673
819.6656335572524 106.96102764487773
819.0758647120317 96.97843415875354
818.0420103634933 87.03202047411276
816.9647240903191 77.09021710220736
816.8828810585873 67.09055202190802
821.0232250001036 57.98793964710342
830.6280829494958 55.204649548677025
840.4478621518062 53.31469282486796
850.0364482675587 50.47585216347102
859.8581661630797 48.5959964294309
869.7908447532686 47.43759407100788
879.7639440730213 46.70459341729293
889.7501477375616 46.17948736103199
899.7426694388544 45.79282206753783
909.7372349536109 45.46318564473381
919.7317452135767 45.13187813887589
929.7257083181089 44.78445697479833
939.7173863240881 44.37657142120338
949.7033575315378 43.84706311721993
959.6809144892989 43.177468348248794
969.6555255824701 42.46533525676455
979.6362372242836 41.84453325695358
989.6251696831894 41.37418409790553
999.6198073827927 41.0467436397048
1009.6180286937245 40.85814189625944
1019.6179179824161 40.81108646181656
1029.6173709313614 40.91568436729062
1039.613421721235 41.19669790124772
1049.6021473572023 41.67141905031144
1059.5770541370014 42.37939838215539
1069.525526196603 43.393254229564036
1079.4196998683783 44.84422885124059
1089.1733496465765 47.050201653487875
1095.2900520375538 54.96133000917871
1096.012080319313 64.93522970590413
1096.7863085530273 74.90521318844401
1097.2031985798255 84.89651954474994
1096.8150152012463 94.88898238754268
1096.1974333619817 104.86989380242915
1095.639626002467 114.8543242293324
1095.1110953308707 124.8403472279632
1094.6041598771487 134.82748978455868
1094.1238222952827 144.8159469130369
1090.058743081677 153.95241948110777
1080.238909590702 152.0627448505104
1075.8027276210537 143.10058609649548
1068.3921022980921 136.38622593914033
1058.607963895175 134.31967429145277
1048.6130813475695 134.63955373682097
1039.755068308217 139.2802007816481
1036.3405095239677 148.6791788276331
1035.4623675208404 158.64054753993082
1038.7872106521013 168.07163539619148
1046.5310630818437 174.3987792657722
1056.0329804765702 177.51543866708585
1065.8507196589953 175.61491312243356
1073.1017102520161 168.72846734685936
1082.3251424671078 164.86475175515113
1089.2320667856068 172.09623821773448
1087.4979915935485 181.94473979047575
1085.628543607967 191.76844399149923
1083.4678264762458 201.53221895186596
1080.2710979417154 211.0074987195835
1076.770634223256 220.37482244387888
1073.1758925684273 229.706372820694
1069.5680649723613 239.03287162984338
1066.0854485566738 248.40684532839748
1063.6695273566752 258.1106242188812
1061.3755439349645 267.8439504777158
1058.8207123857287 277.512085548919
1053.323797914567 285.86576325976785
1043.3251145821673 286.02803346157236
1036.2715732484146 278.9394825057674
1031.3086702387589 270.2579161887512
1022.6624437837742 265.2336980317518
1012.6707483111119 265.6411554915916
1003.5771245473014 269.80120439061443
997.9886836629776 278.0939318359377
998.3205637624226 288.088423098608
1002.047946958276 297.3677880828766
1009.7500529048127 303.7456846004069
1019.6750784469378 304.96792352474404
1029.5445053606795 303.3572055499541
1035.043443456675 295.0048597826616
1044.5432236273423 298.1280275189513
1045.2586417051857 308.10240353822655
1041.4208735671211 317.3366623454323
1037.4172948338783 326.5002510161837
1033.316930170446 335.6209423072469
1029.122170487076 344.6986067204522
1024.7969428922968 353.7148368779714
1020.5794348940872 362.7819547378559
1016.4674376362117 371.8974074721541
1012.3282015681929 381.0005236843757
1008.0182143956197 390.02404908037556
1003.3636402144283 398.8747518316709
997.6935410812509 407.11186150800415
988.5058141033245 411.0597309307541
983.1583164179799 402.60962628612197
981.867345784289 392.6933066652673
977.9054249262044 383.5116301781395
969.4552115940436 378.16430424446276
959.6440467488553 376.2301262845682
949.9731249839415 378.77438889226323
945.4207013545389 387.67806448712054
943.3909249882981 397.46989822258865
945.3304700298235 407.2800034733948
953.1855847356492 413.46847444434707
962.9285001767234 415.72138338793
972.8751980401586 414.6902667051369
981.4087364872735 419.9035882539781
986.1288759241842 428.7194990802127
983.675810142037 438.4139546228648
979.8001157047557 447.63235972509517
970.8326927978064 452.05789092574446
962.8041376161416 458.01962739215764
957.0526699354675 466.200129792265
952.891291047265 475.29314500993746
950.1234799876553 484.90247495215
947.4243139992013 494.5313120037764
944.1979973395098 503.9965579494134
940.7749737864442 513.3924565096979
937.1938551215796 522.7292433825015
933.4583605326147 532.0053460218546
929.5420688082077 541.2065774138663
925.3766256580277 550.2977315409624
920.7340287566284 559.1547227914446
918.251968664149 568.8417955018831
917.081164650941 578.7730198958164
912.949941984498 587.8797755903691
904.4742658652613 593.1866498419226
895.9004857043482 598.3335220719604
887.241416182601 603.3355731530219
878.4634388295601 608.1258877136224
869.5074236453984 612.5744596216691
860.6982372502368 617.3071369881607
852.5531702493914 623.1086784688138
845.3277965993492 630.0219971810731
839.398256166363 638.0743602040361
835.1395877824407 647.1222187128647
832.0795018707316 656.642506219708
833.7538561996884 666.5013366564842
843.0894360240734 662.9170725280284
850.3820906875275 656.0747638562713
857.4680881788136 649.0186573127526
863.8356780323494 641.3080283204363
870.4440043937382 633.8026953697022
878.1441316849491 627.4224101331984
885.9975410659328 621.2317751823491
893.9221938108924 615.1326048394415
901.8649631800208 609.0570460380773
909.7590982894546 602.9184280442611
917.3033110177845 596.3545226282984
922.1566498606314 587.6112336546619
926.1652050406248 578.4498208068011
929.6621254915761 569.0811737668215
936.2168005285114 561.5289399807039
942.7639411667778 553.9701735824905
949.3008283149511 546.4025381253581
955.8196277755931 538.8193162776251
962.1743781505609 531.0981021456479
966.3680742481565 522.0199463284673
969.5947335553345 512.5548171843193
972.6385830212972 503.02932609836694
975.7626081088879 493.52982783518985
979.3002152319735 484.1764682332771
983.7958403984247 475.2439795339968
989.980110645349 467.3855572042281
997.9364269237535 461.32774973964206
1007.4959149114807 458.39241510582247
1017.4044698231415 459.7416888225314
1027.243406358638 461.52923682201924
1037.1549250563046 462.85656387508607
1047.0756978962177 464.1128545495893
1056.994934844492 465.381215051965
1066.8886418381433 466.83536838768134
1076.6921012622743 468.80823009581457
1085.4620003002906 473.61331811405125
1088.0659969763694 483.2683272445996
1087.8160454511271 493.26520296829597
1086.8581674871562 503.2192207403385
1085.8627131723674 513.1695509211501
1085.004200234744 523.1326305422277
1084.9561515933758 533.1325151079645
1086.2993344094746 543.0418975267905
1088.9819350471637 552.6753628336606
1092.641543701904 561.9816652408548
1096.8705585092619 571.043421900529
1101.173765041824 580.070182866574
1107.8180432870436 587.5437072426702
1117.8077834915218 587.9965765914125
1126.1359719529494 582.4611202460922
1131.9511853565266 574.3258087541544
1135.2420465103803 564.8828096084351
1136.9349534735336 555.027147986093
1137.561486227179 545.0467944498395
1138.8566421576504 535.1310205962382
1141.317960877561 525.4386570991845
1144.049408904492 515.8189278058949
1146.9156697960962 506.23850252821217
1149.8366210536992 496.67460981913666
1152.72264895369 487.1001206442263
1155.4586267400757 477.4816786938685
1157.3030259201998 467.6532407882622
1158.0662729346852 457.6824106325089
1158.981009732796 447.7243356885159
1163.4284686351234 438.76776774582106
1171.011348913137 432.2485709632938
1178.7272579224505 425.88738018168715
1186.5996222717336 419.7208674271285
1194.8713983833618 414.1014617682449
1198.6955718588918 404.8615647326145
1199.3124291738727 394.8806085132459
1199.9350238367458 384.9000085370038
1200.5600338528784 374.91955952507385
1201.2150024913728 364.9410317738177
1201.8866388527154 354.9636120373266
1202.6922888977883 344.9961184704928
1203.6454596559086 335.041648845954
1204.5843327789598 325.08582053994087
1205.433669749922 315.12195448756165
1206.1707158783565 305.14915332617477
1206.6361988477129 295.1599929207533
1206.665958780952 285.16003720353274
1205.6513129305995 275.2116456853846
1201.315466086084 266.2005174463179
1195.537005219324 258.03905985521783
1189.601019842541 249.99144669312955
1184.2717442850894 241.5298379788985
1180.5640017212404 232.24260776315487
1176.9099579997542 222.93411892331255
1172.8886217885017 213.77830901505922
1168.7055825148263 204.69523781447458
1164.3698353824607 195.68406159800975
1159.8607373356003 186.75836639798194
1155.0471003719395 177.99315680653012
1147.8392298841936 171.06159110808335
1139.2642480435502 165.91672119401983
1138.661200622011 155.93492106541703
1143.9755268757312 147.46391543036884
1146.5029612773662 137.78858208492625
1146.7260643522138 127.79107114379724
1146.9373767102347 117.79330403872086
1147.2393119966137 107.79786332393292
1147.57842618323 97.80361489954225
1147.8772614084032 87.80808102144465
1148.2388784783768 77.81462150560606
1149.0968812252745 67.85149793484197
1149.9711981640041 57.889792765010384
1159.2508759134105 54.163188296171484
1169.1578152752475 55.52427333425089
1179.045254942865 57.02044739472046
1188.907062591149 58.677176071435724
1198.7475910949188 60.45593934025317
1208.5414014102973 62.47615702812311
1218.27119957902 64.78505884412118
1227.887190863236 67.5296374314247
1237.2641760642698 71.00413718528762
1245.9409318254404 75.97544581189595
1253.9790091443956 81.9243375586417
1261.6685856749027 88.3173347259708
1269.155045531128 94.94703447943834
1276.4774226670718 101.75752587720183
1283.6560492053175 108.7193734067298
1290.759114572095 115.75829821065281
1297.7547580855676 122.90399424619841
1304.6451739903325 130.15121224066797
1312.8505043647947 135.86720326987097
1321.0453771898735 141.59817695509946
1329.0040124647414 147.65293744265193
1336.4634076501534 154.31307433823088
1342.5463537866458 162.25018756033705
1343.4489622346705 172.20936915269465
1342.642273972801 182.17677874838012
1341.9386287570742 192.1519922002509
1341.2842591995893 202.13055925580738
1340.667354608247 212.11151255322238
1340.0613705193546 222.09313483038795
1339.4699682263463 232.07563167876333
1338.884868012985 242.05849989087176
1338.3003137543265 252.0414000866407
1337.7112515774286 262.0240352974329
1337.0817748582888 272.0042035855962
1335.7075611102491 281.9093303679599
1333.2376994556957 291.59952042839564
1330.4101471919553 301.1914414140907
1327.3425024098983 310.70929597754764
1324.0239751166741 320.14260804723585
1320.3779811065854 329.454252782641
1316.2512992433676 338.56306701940025
1310.8525188327765 346.98049953045825
1303.8208415451747 354.09073964757283
1298.3321757290726 362.4498393334932
1293.1921627107884 371.0277333740996
1288.2527160519217 379.72266676684114
1283.3673423707605 388.4480964981161
1278.5670325759002 397.22061186563576
1273.8041337314282 406.0134950445099
1269.0658866747492 414.81968689058453
1264.340427667269 423.6327474922498
1259.602766004802 432.4392542896122
1254.8357042735615 441.2298812553379
1249.9133522286993 449.9345036105259
1242.8325824221324 456.995856097579
1234.0073872858543 461.69861388494326
1225.0306616735384 466.10524494292736
1215.9787071833437 470.35520022592084
1206.8773213953027 474.49823977886354
1197.7329501770337 478.54551973242405
1189.4958715624878 484.2156639896533
1185.8775996307834 493.53811582531534
1182.8670940437275 503.07419762605014
1180.1224143882278 512.6901600629924
1177.518088984228 522.3450805282309
1175.0017652674546 532.0233094443295
1172.5704333417157 541.7232385712296
1170.230847359915 551.4457041758877
1167.9563822840967 561.1836099373378
1165.7804491819802 570.9440051719127
1160.4005862188076 579.3735410130777
1152.151595760779 585.0263417722899
1143.950269357088 590.7480762313611
1135.8081834580073 596.5538007522105
1127.7670591073725 602.4985731765872
1119.9353594679446 608.716650110639
1116.6249386013583 618.1528100121068
1117.7431602744032 628.0900923513548
1119.0145097748348 638.0089466424387
1120.3492820519252 647.9194654466341
1121.7058050014025 657.8270305101369
1123.0613674273493 667.7347270390663
1124.4096946947705 677.6434107851513
1125.7080630022929 687.5587645225639
1126.9279276080854 697.4840821670292
1127.9814585165666 707.4284309453492
1125.5874938529516 697.719211965979
1123.762690141777 687.887117000221
1121.690476133657 678.1041762815745
1119.36215935583 668.3790057955578
1116.7546410422924 658.7249471545215
1113.8301858864804 649.1621252884798
1110.5920143697465 639.700928470518
1106.934921656947 630.3936370874147
1102.8525948470347 621.2648579895796
1098.194248519139 612.4161400321927
1092.932337409759 603.9124766171119
1086.84791568909 595.9764944897977
1079.8324900999728 588.8502188984694
1071.7387951986937 582.9772211251845
1062.5408588573086 579.0531967802256
1052.8746207302622 576.4911974688993
1042.976465032561 575.0676407316864
1032.9795859898773 574.8178219854866
1023.0141238608267 575.6482222229973
1013.1997529095619 577.566065498912
1003.6142551631849 580.415316796043
994.3075614990787 584.0739303370563
985.3169511070732 588.4521634029361
976.666811780723 593.4696418169135
968.1973397298375 598.7864118118698
959.7255366684323 604.0994667606508
951.1602317099688 609.2604309117102
942.5050110511739 614.2691388636244
933.7773778567689 619.1505750072118
924.9744994293399 623.8949750105742
916.1172082773999 628.5369997250458
907.2613308153384 633.1817208552053
898.466144685361 637.9403657189298
889.9952676781029 643.2548969990999
882.8654984733869 650.2667720042238
878.0447411810791 659.0280675207932
875.7794731525687 668.768116840946
870.2190819961177 677.0796780773962
861.1343319992891 681.2590700780493
855.4940326068153 689.5166134635399
850.859688129014 698.3779255143072
844.9084665278966 706.4142780112048
838.6384244221297 714.2044366740249
833.6372383380428 722.8640058175988
830.6145885575895 732.3962452346889
829.1916495788803 742.2944897589906
830.0701470433786 752.2558271292874
837.9884051085161 758.3632970812303
847.1872316450967 754.4413600152002
855.5682724269731 748.9862564036704
862.464547393264 741.7446135245088
867.539302927247 733.1279519743314
871.7464164737498 724.0560064494271
879.882001226631 729.8708375500427
880.4473333185234 739.8548447428424
880.7276873491905 749.8509140512
884.9846764125168 758.8995627964393
894.0751223659622 763.0665512014493
903.8015018811662 765.3898121696188
913.6023881725195 767.3754173428507
923.4375899406493 769.1834013527846
932.4482748099659 773.5201695257298
939.4744951853721 780.6358021213763
947.430958012055 786.6934171048177
956.2039798663932 791.4928011843956
965.7073973607762 794.6048834338636
975.6860359278483 795.25816158882
985.3950009727898 792.8631672764883
994.0486391090224 787.8517256668172
1000.6743406641484 780.3617270752018
998.197978963264 770.6731960861202
990.8921325306346 763.844974655701
981.6779852876799 759.959168357756
971.8767424686839 757.9753238066187
961.8860282229807 757.544477127736
951.9102024159436 758.239386810825
941.9793305833424 759.4131775266037
946.353684414993 768.4056759867382
954.7695623877703 773.8068793662937
962.0034555812223 766.9024757522423
971.7478455656386 769.1489983609883
978.445172603318 776.5750208865647
987.8096953741069 773.0670708761772
997.122646217984 769.4244143483766
1005.6287502294056 774.6823792157826
1005.3162829558815 784.6774962337557
1003.9189082483235 794.5793821110358
1004.5002044657457 804.5624725497531
1003.3941592028608 814.5011175216016
993.4834818561121 815.8347121109142
983.4908785391251 816.2192624318591
973.4909617110416 816.178477245672
963.5246534542136 815.3582945039118
953.7143952408824 813.4195232982852
944.1427583182111 810.5240498274075
934.8530933706629 806.8224116546124
925.8915548367951 802.3849769107541
917.9566576061225 796.2991404079663
910.0747579332588 790.1448201736177
902.192858260395 783.9904999392693
894.3109585875314 777.8361797049208
892.5825136716999 787.6856709695971
894.5639302911634 797.4874049070245
894.3304685075583 807.4846793153617
887.1585715352552 814.4534592529599
879.9352488640776 821.3689208852772
875.4924706463246 830.327811536907
873.1220381846149 840.0428025273543
880.9230201847907 846.2993734598166
890.2941177144311 842.8090251835025
899.905679047441 840.0489728757033
909.769300894292 838.4030797861244
919.6544204082204 839.9145069909055
911.6655092164606 845.9292636751093
902.4817231459672 849.8862920312638
894.3198729219262 855.6641983060592
889.2998265414387 864.3128475842849
898.2331690360145 868.806775918672
906.0120981555906 862.5228072878933
914.2862679812156 856.9069267962238
923.9238467178011 854.2391419293135
920.0632474691381 863.4638789684504
912.6071878535214 870.1277498411768
908.0704352611233 879.0394206113168
914.1419584357568 886.985275275221
920.7762008272772 894.4677098984271
927.364047747877 901.991025188294
933.3393848514922 893.9725872794393
937.3786122188819 884.8246562415198
944.8830749434962 878.215341661711
954.6887421253424 876.253482564104
964.5816961154787 877.7127499655923
974.2132974072263 880.4020354760592
983.5245644268814 884.0489940018288
992.421886825783 888.6138219427268
1000.7774392700178 894.1078863172716
1008.3935921295945 900.5881807256733
1017.8074250011073 903.961569328729
1027.4897218136048 901.4609437200654
1035.5575922780963 895.552520396692
1043.9924257537102 890.1809671540382
1050.8393592882778 882.8926545116487
1055.8902669201257 874.2619921909145
1059.3744047215632 864.888583857731
1060.967360133474 855.0162744493066
1066.4239227510911 863.3963654034683
1070.8440233562426 872.3664663304558
1075.7667424597473 863.6620515524256
1079.0942106541129 854.2318895487542
1083.2759324041174 845.1482117029949
1089.8312619309343 837.5965460062864
1099.1686153000264 834.0169046749934
1109.055593993749 832.5176874426094
1118.7448985229885 830.0443541169816
1119.9450777643656 820.1166368673533
1120.96531807534 810.1688175230014
1121.9318401876217 800.2156353682094
1113.2512098105392 805.1801752518718
1107.1742315391534 813.1218586432633
1098.6639069498956 818.3729895105598
1088.8931631213895 820.5019716705868
1078.9119461795494 821.1145958293707
1068.936764512709 820.4105001586458
1059.5064070435697 817.0835859721594
1052.7234284178846 809.735715466802
1048.0594847158613 800.8899464700241
1045.712776953963 791.1691973898223
1045.7170102197078 781.1691982858492
1048.6895259348094 771.6212063334294
1051.3389657063292 761.9785682661218
1053.9538500493231 752.3265021726492
1056.686370657005 742.7070774950193
1060.293897397696 733.3804623096908
1064.094046149275 724.1306585568606
1067.5972803709908 714.7643706055001
1069.6229771029803 704.9716920776402
1068.4455561171378 695.0412500017759
1059.6451278461777 690.2923067248262
1061.035043318549 700.1952423996481
1052.521732393749 694.9489544645762
1044.3032930000093 689.2518276508722
1036.7349136637058 695.7878535245828
1030.939842273027 703.9375251484541
1022.9055796896589 697.9834824259427
1013.1388501015341 695.8361601044342
1008.4340129466124 704.6602468756342
1012.3318923435461 713.8692933087325
1002.6274563361391 711.4560130145805
994.7791514239541 705.2589080448892
987.6080423102503 698.2893173768978
981.6359810665525 690.2684393388322
976.8475034358705 681.4894597864891
972.9475803929598 672.2812786273582
969.8193528192048 662.783163432921
